Number,Sequence
1,wwf
2,w
3,!!wwwwwf!wwf
4,
5,!!wwwwwf
6,!!wwwwwf!wwf!
7,!!wwwwwf!wf!wwf!wwwwwf!wwwwwwf
8,!!wwwwwf!wf!wwf!wwwwwf!wwwwwwf!wwf
9,!!wwwwwf!wf!wwf!wwwwwf!wwwwwwf!wwf!wf!wwwwwwwwf!wwwwwf
10,!!wwwwwf!wf
11,!!wwwwwf!wf!wwf!wwwwwf!wwwwwwf!wf!wwwwwwf!wwwwwf!wwwwf
12,!!wwwwwf!wf!wwf!wwwwwf!wwwwwwf!wwf!wwf!wwwf!wwwwf!wwwwf!wwwwwf!wwwwf!wwwf!wwwwwwwwf!wwwwf!wwwwwf!wwwwwwwwf!wwwwwf!wwwwwf!wwwwf!wwwwwwf!wwwwwf!wwwf!wwwwwf
13,!!wwwwwf!wf!wwf!wwwwwf!wwwwwwf!wwf!wwf!wwwf!wwwwf!wwwwf!wwwwwf!wwwwf!wwwf!wwwwwwwwf!wwwwf!wwwwwf!wwwwwwwwf!wwwwwf!wwwwwf!wwwwf!wwwwwwf!wwwwwf!wwwf!wwwwf!wwwwwwwwf
14,!!wwwwwf!wf!wwf!wwwwwf!wwwwwwf!wwf!wwf
15,!!wwwwwf!wf!wwf!wwwwwf!wwwwwwf!wwf!wwf!wwwf!wwwwf!wwwwf!wwwwwf!wwwwf!wwwf!wwwwwwwwf!wwwwf!wwwwwf!wwwwwwwwf!wwwwwf!wwwwwf!wwwwf!wwwwwwf!wwwwwf
16,!!wwwwwf!wf!wwf!wwwwwf!wwwwwwf!wwf!wwf!wwwf!wwwwf!wwwwf!wwwwwf!wwwwf!wwwf!wwwwwwwwf!wwwwf!wwwwwf!wwwwwwwwf!wwwwwf!wwwwwf!wwwwf!wwwwwwf!wwwwwf!wwwf!wwwwf!wwwwwwwwf!wwwf
17,!!wwwwf!wwwwf!wwwwwwwf!wwwwf
18,!!wwwwwf!wf!wwf!wwwwwf!wwwwwwf!wwf!wf!wwwwwwwwf!wwwwf!wwwwwwf!wwwwwwf!wwwwwwwwwf
19,!!wwwwwf!wf!wwf!wwwwwf!wwwwwwf!wf!wwwwwwf!wwwwwf
20,!!wwwwwf!wf!wwf!wwwwwf!wwwwwwf!wwf!wwf!wwwf!wwwwf!wwwwf!wwwwwf!wwwwf
21,!!wwwwf!wwwwf!wwwwwwwf
22,!!wwwwwf!wf!wwf!wwwwwf!wwwwwwf!wwf!wwf!wwwf!wwwwf!wwwwf!wwwwwf
23,!!wwwwwf!wf!wwf!wwwwwf!wwwwwwf!wwf!wwf!wwwf
24,!
25,!!wwwwwf!wf!wwf!wwwwwf!wwwwwwf!wwf!wwf!wwwf!wwwwf
26,!!wwwwwf!wwf!!wf
27,!!wwwwwf!wf!wwf!wwwwwf!wwwwwwf!wwf!wwf!wwwf!wwwwf!wwwwf!wwwwwf!wwwwf!wwwf!wwwwwwwwf
28,!!wwwwwf!wf!wwf!wwwwwf!wwwwwwf!wwf!wwf!wwwf!wwwwf!wwwwf!wwwwwf!wwwwf!wwwf!wwwwwwwwf!wwwwf!wwwwwf!wwwwwwwwf!wwwwwf!wwwwwf
29,!!wwwwwf!wf!wwf!wwwwwf!wwwwwwf!wwf!wf!wwwwwwwwf
30,!!wwwwf
31,!!wwwwwf!wf!wwf!wwwwwf!wwwwwf!wwwwwf!wwwwwwf!wwwwwwwwwf!wwwwf!wwwwwwwwf
32,!!wwwwwf!wf!wwf!wwwwwf!wwwwwwf!wwf!wwf!wwwf!wwwwf!wwwwf!wwwwwf!wwwwf!wwwf!wwwwwwwwf!wwwwf!wwwwwf!wwwwwwwwf!wwwwwf!wwwwwf!wwwwf!wwwwwwf!wwwwwf!wwwf
33,!!wwwwwf!wf!wwf!wwwwwf!wwwwwf!wwwwwf!wwwwwwf!wwwwwwwwwf
34,!!wwwwwf!wf!wwf!wwwwwf!wwwwwwf!wwf!wwf!wwwf!wwwwf!wwwwf!wwwwwf!wwwwf!wwwf!wwwwwwwwf!wwwwf!wwwwwf!wwwwwwwwf!wwwwwf!wwwwwf!wwwwf!wwwwwwf
35,!!wwwwwf!!wwwwwwwf
36,!!wwwwwf!wf!wwf!wwwwwf!wwwwwwf!wf!wwwwwwf
37,!!wwwwwf!wf!wwf!wwwwwf!wwwwwwf!wwf!wwf!wwwf!wwwwf!wwwwf
38,!!wwwwwf!wf!wwf!wwwwwf!wwwwwwf!wwf!wf!wwwwwwwwf!wwwwf!wwwwwwf!wwwwwwf!wwwwwwwwf!wwwwwwwwf!wwwwwwwwwwf!wwwwwwf!wwwwwwf!wwwwwwf!wwwwwwwwwwwf!wwwwwwwwwf
39,!!wwwwwf!wf!wwf!wwwwwf!wwwwwwf!wwf!wwf!wwwf!wwwwf!wwwwf!wwwwwf!wwwwf!wwwf!wwwwwwwwf!wwwwf!wwwwwf!wwwwwwwwf!wwwwwf
40,!!wwwwwf!wf!wwf!wwwwwf!wwwwwwf!wwf!wf!wwwwwwwwf!wwwwf!wwwwwwf!wwwwwwf!wwwwwwwwwf!wwwf!wwwwwwf!wwwwwwwf!wwwwwwwwwf!wwwwwwwwwf!wwwwwwf!wwwwwwwwwf!wwwwwwwf!wwwwwwwwwwwf!wwwwwwwwwwf!wwwwwwwwf!wwwwwwwwwwwf!wwwwwwwf
41,!!wwwf!wwwwwwwwwwf!wwwwwwwwf
42,!!wwwwwf!wf!wwf!wwwwwf!wwwwwwf!wwf!wwf!wwwf!wwwwf!wwwwf!wwwwwf!wwwwf!wwwf!wwwwwwwwf!wwwwf!wwwwwf!wwwwwwwwf
43,!!wwwwwf!wf!wwf
44,!!wwwwwf!wf!wwf!wwwwwf
45,!!wwwwf!wwwwf!wwwwwwwf!wwwf!wwwwwwwwf!wwwwwwwf!wwwwwwwwwwf!wwwwwwwf!wwwwwwf!wwwwwwwwwf
46,!!wwwwwf!wwf!!wf!wwwwf
47,!!wwwwwf!wf!wwf!wwwwwf!wwwwwwf!wf!wwwwwwf!wwwwf!wwwwwwwwwf
48,!!wwwwwf!wf!wwf!wwwwwf!wwwwwwf!wwf!wwf!wwwf!wwwwf!wwwwf!wwwwwf!wwwwf!wwwf!wwwwwwwwf!wwwwf!wwwwwf!wwwwwwwwf!wwwwwf!wwwwwf!wwwwf!wwwwwwf!wwwwf!wwwwwwwwf!wwwwwwf!wwwwwwf!wwwwwwwwwwwwf!wwwwwwwwwf!wwwwwwwwwwwf
49,!!wwwwwf!wf!wwf!wwwwwf!wwwwwwf!wwf!wf!wwwwwwwwf!wwwwf!wwwwwwf!wwwwwwf!wwwwwwwwwf!wwwf!wwwwwwf!wwwwwwwf!wwwwwwwwwf!wwwwwwwwwf!wwwwwwf!wwwwwwwwwf!wwwwwwwf!wwwwwwwwwwwf!wwwwwwwwwwf!wwwwwwwwf!wwwwwwwwwwwf!wwwwwwwf!wwwwf!wwwwwwwwwwf!wwwwwwwwf!wwwwwwwf!wwwwwwwwwwwf!wwwwwwwwwf
50,!!wwwwwf!wf!wwf!wwwwwf!wwwwwf
51,!!wwwwwf!wf!wwf!wwwwwf!wwwwwwf!wwf!wwf!wwwf!wwwwf!wwwwf!wwwwwf!wwwwf!wwwf!wwwwwwwf!wwwwwwwwwwf!wwwwwwf
52,!!wwwf!wwwwwwwwwwf!wwwwwwwf!wwwwwwwwwwwf!wwwwwwwf!wwwwwwwwwwwwf!wwwwwwwf
53,!!wwwf!wwwwwwwwwwf!wwwwwwwf!wwwwwwwwwwwf!wwwwwwwwf
54,!!wwwwwf!wf!wwf!wwwwwf!wwwwwf!wwwwwf!wwwwwwf!wwwwwwwwwf!wwwwf!wwwwwwwwf!wwwwf!wwwwwwwf
55,!!wwwwwf!wf!wwf!wwwwwf!wwwwwwf!wwf!wwf!wwwf!wwwwf!wwwwf!wwwwwf!wwwwf!wwwf!wwwwwwwwf!wwwwf!wwwwwf!wwwwwwwwf!wwwwwf!wwwwwf!wwwwf!wwwwwwf!wwwwf!wwwwwwwwf!wwwwwwf!wwwwwwf!wwwwwwwwwwwwf!wwwwwwwwwf!wwwwwwwwwwf!wwwwwwwwwwwf!wwwwwwwwwwwwf!wwwwwwf!wwwwwwwwwf!wwwwwwwwwwwwf!wwwwwwwwwwwf!wwwwwwwwwwf!wwwwwwwwf
56,!!wwwwwf!wf!wwf!wwwwwf!wwwwwwf!wwf!wwf!wwwf!wwwwf!wwwwf!wwwwwf!wwwwf!wwwf!wwwwwwwwf!wwwwf
57,!!wwwwwf!wf!wwf!wwwwwf!wwwwwwf!wwf!wf!wwwwwwwwf!wwwwf!wwwwwwf!wwwwwwf!wwwwwwwwf!wwwwwwwwf!wwwwwwwwwwf!wwwwwwf!wwwwwwf!wwwwwwf!wwwwwwwwwwwf!wwwwwwwwwf!wwwwf!wwwwwwwwwf!wwwwwwwwwwf!wwwwwf!wwwwwwwwwf
58,!!wwwwwf!wf!wwf!wwwwwf!wwwwwwf!wf!wwwwwf!wwwwwwwwwwwf
59,!!wwwwwf!wf!wwf!wwwwwf!wwwwwwf!wf!wwwwwwf!wwwwwf!wwwwf!wwf!wwwwwf!wwwwwwwwwwwwwf
60,!!wwwwwf!wf!wwf!wwwwwf!wwwwwwf!wwf!wwf!wwwf!wwwwf!wwwwf!wwwwwf!wwwwf!wwwf!wwwwwwwwf!wwwwf!wwwwwf!wwwwwwwwf!wwwwwf!wwwwwf!wwwwf!wwwwwwf!wwwwf!wwwwwwwwf!wwwwwwf!wwwwwwwf
61,!!wwwwwf!wf!wwf!wwwwwf!wwwwwwf!wwf!wf!wwwwwwwwf!wwwwf!wwwwwwf!wwwwwwf!wwwwwwwwf!wwwwwwwwf!wwwwwwwwwwf!wwwwwwf!wwwwwwf!wwwwwwf!wwwwwwwwwwwf!wwwwwwwwwf!wwwwf!wwwwwwwwwf!wwwwwwwwwwf
62,!!wwwwwf!wf!wwf!wwwwwf!wwwwwf!wwwwwf!wwwwwwf!wwwwwwwwwf!wwwwf!wwwwwwwf!wwwwwwwwwwf!wwwwwwwwf!wwwwwwf
63,!!wwwwwf!wwf!!wf!wwwwf!wwwwwf
64,!!wwwwwf!wf!wwf!wwwwwf!wwwwwwf!wwf!wf!wwwwwwwwf!wwwwf!wwwwwwf!wwwwwwf!wwwwwwwwf!wwwwwwwwf!wwwwwwwwwwf!wwwwwwf!wwwwwwf!wwwwwwf!wwwwwwwwwwwf!wwwwwwwwf!wwwwwwwwwwwf!wwwwwwf!wwwwwwwf!wwwwwwwwwwwf!wwwwwwwwwf!wwwwwwwwf!wwwwwwf!wwwwwwwwwwf!wwwwwwwwwwwwf!wwwwwwwwwwwf!wwwwwwwwwwwwwf!wwwwwwf!wwwwwwwwwf
65,!!wwwwf!wwwwf!wwwwwwwf!wwwwf!wwwf
66,!!wwwwwf!wf!wwf!wwwwwf!wwwwwf!wwwwwf!wwwwwwf!wwwwwwwwwf!wwwwf!wwwwwwwwf!wwwwf!wwwwwwwf!wwwwwf!wwwwwwwf!wwwwwwwwf
67,!!wwwwwf!wf!wwf!wwwwwf!wwwwwwf!wf!wwwwwwf!wwwwwf!wwwwf!wwf!wwwwwwf
68,!!wwwwwf!wf!wwf!wwwwwf!wwwwwwf!wwf!wwf!wwwf!wwwwf!wwwwf!wwwwwf!wwwf!wwwwwwwwwf
69,!!wwwwwf!wf!wwf!wwwwwf!wwwwwwf!wwf!wwf!wwwf!wwwwf!wwwwf!wwwwwf!wwwwf!wwwf!wwwwwwwwf!wwwwf!wwwwwf!wwwwwwwwf!wwwwwf!wwwwwf!wwwwf
70,!!wwwwwf!wf!wwf!wwwwwf!wwwwwwf!wf
71,!!wwwwwf!wf!wwf!wwwwwf!wwwwwwf!wf!wwwwwwf!wwwwf!wwwwwwwwwf!wwwwwf
72,!!wwwwwf!wf!wwf!wwwwwf!wwwwwwf!wwf!wf!wwwwwwwwf!wwwwf!wwwwwwf!wwwwwwf!wwwwwwwwwf!wwwf!wwwwwwf!wwwwwwwf!wwwwwwwwwf!wwwwwwwwwf!wwwwwwf!wwwwwwwwwf!wwwwwwwf!wwwwwwwwwwwf!wwwwwwwwwwf!wwwwwwwwf!wwwwwwwwwwwf!wwwwwwwf!wwwwf!wwwwwwwwwwf!wwwwwwwwf!wwwwwwwf!wwwwwwwwwwwf!wwwwwwwwwf!wwwwf!wwwwwwwwwwwwwf!wwwwwwwwwwwwf!wwwwwwwwwwf
73,!!wwwwwf!wf!wwf!wwwwwf!wwwwwwf!wwf!wwf!wwwf!wwwwf!wwwf!wwwwwwwwwwwf
74,!!wwwwwf!wwf!!!wwwwwwwwwf!wwwwwwwwwwwwf
75,!!wwwwwf!wf!wwf!wwwwwf!wwwwwwf!wwf!wwf!wwwf!wwwwf!wwwwf!wwwwwf!wwwwf!wwwf!wwwwwwwf!wwwwwwwwwwf
76,!!wwwwwf!wf!wwf!wwwwwf!wwwwwwf!wwf!wwf!wwwf!wwwwf!wwwwf!wwwwwf!wwwwf!wwwf!wwwwwwwwf!wwwwf!wwwwwf!wwwwwwwwf!wwwwwf!wwwwf!wwwwwwwwwwf
77,!!wwwwwf!wf!wf!wwwwwwwwwwwf!wwwwwwwwwf!wwwwwwf
78,!!wwwwwf!wf!wwf!wwwwwf!wwwwwf!wwwwwf!wwwwwwf!wwwwwwwwwf!wwwwf!wwwwwwwf!wwwwwwwwwwf!wwwwwwwwf
79,!!wwwwwf!wf!wwf!wwwwwf!wwwwwwf!wf!wwwwwwf!wwwwwf!wwwwf!wwf
80,!!wwwwwf!wwf!!wf!wwwwf!wwwwwf!wwwwwf!wwwwwwwwwf!wwwwwwwwf
81,!!wwwwwf!wf!wf!wwwwwwwwwwwf!wwwwwwwwwf
82,!!wwwwwf!wf!wwf!wwwwwf!wwwwwwf!wwf!wwf!wwwf!wwwwf!wwwwf!wwwwf!wwwwwwwwwf!wwwwwwwf!wwwwwwwf
83,!!wwwwwf!wf!wwf!wwwwwf!wwwwwwf!wwf!wf!wwwwwwwwf!wwwwf!wwwwwwf!wwwwwwf!wwwwwwwwf!wwwwwwwwf!wwwwwwwwwwf
84,!!wwwwwf!wf!wwf!wwwwwf!wwwwwwf!wwf!wwf!wwwf!wwwwf!wwwwf!wwwwwf!wwwwf!wwwf!wwwwwwwwf!wwwwf!wwwwwf!wwwwwwwwf!wwwwwf!wwwwwf!wwwwf!wwwwwwf!wwwwf!wwwwwwwwf!wwwwwwf!wwwwwwwf!wwwwwf!wwwwwwwwf!wwwwwwwwwwf!wwwwwwwwwf
85,!!wwwwwf!wf!wwf!wwwwwf!wwwwwwf!wwf!wf!wwwwwwwwf!wwwwf
86,!!wwwwwf!wf!wwf!wwwwwf!wwwwwwf!wf!wwwwwwf!wwwwwf!wwwwf!wwf!wwwwwwf!wwwwwf!wwwwwwwwwwf!wwwwwwwf!wwwwwwwf!wwwwwwwwwwf!wwwwwwwwf!wwwwwwwwf!wwwwwwwwwwwwwf!wwwwwwwwwwwwf
87,!!wwwwwf!wf!wwf!wwwwwf!wwwwwwf!wwf!wf!wwwwwwwwf!wwwwf!wwwwwwf!wwwwwwf!wwwwwwwwwf!wwwf!wwwwwwf!wwwwwwwf!wwwwwwwwwf!wwwwwwwwwf!wwwwwwf!wwwwwwwwwf!wwwwwwwf!wwwwwwwwwwwf!wwwwwwwwwwf!wwwwwwwwf!wwwwwwwwwwwf!wwwwwwwf!wwwwf!wwwwwwwwwwf!wwwwwwwwf!wwwwwwwf!wwwwwwwwwwwf!wwwwwwwwwf!wwwwf!wwwwwwwwwwwwwf!wwwwwwwwwwwwf!wwwwwwwwwwf!wwwwwf!wwwwwwwwwwwf!wwwwwwwwf
88,!!wwwwwf!wf!wwf!wwwwwf!wwwwwwf!wwf!wf!wwwwwwwwf!wwwwf!wwwwwwf!wwwwwwf!wwwwwwwwf!wwwwwwwwf!wwwwwwwwwwf!wwwwwwf
89,!!wwwwwf!wf!wwf!wwwwwf!wwwwwwf!wwf!wwf!wwwf!wwwwf!wwwwf!wwwwwf!wwwwf!wwwf!wwwwwwwwf!wwwwf!wwwwwf!wwwwwwwwf!wwwwwf!wwwwwf!wwwwf!wwwwwwf!wwwwf!wwwwwwwwf
90,!!wwwwwf!wf!wwf!wwwwwf!wwwwwwf!wwf!wwf!wwwf!wwwwf!wwwwf!wwwwwf!wwwwf!wwwf!wwwwwwwwf!wwwwf!wwwwwf!wwwwwwwwf!wwwwf!wwwwwwwwwwwf!wwwwwwf!wwwwwwwwwwwwf!wwwwwwwf!wwwwwwwwwwwwf!wwwwwwwwwf!wwwwwwwwwwwf
91,!!wwwwwf!wf!wwf!wwwwwf!wwwwwwf!wwf!wf!wwwwwwwwf!wwwwf!wwwwwwf!wwwwwwf!wwwwwwwwwf!wwwf!wwwwwwf!wwwwwwwf!wwwwwwwwwf!wwwwwwwwwf!wwwwwwf!wwwwwwwwwf!wwwwwwwf!wwwwwwwwwwwf!wwwwwwwwwwf!wwwwwwwwf!wwwwwwwwwwwf!wwwwwwwf!wwwwf!wwwwwwwwwwf!wwwwwwwwf!wwwwwwwf!wwwwwwwwwwwf!wwwwwwwwwf!wwwwwf
92,!!wwwwwf!wf!wwf!wwwwwf!wwwwwwf!wwf!wwf!wwwf!wwwwf!wwwwf!wwwwwf!wwwwf!wwwf!wwwwwwwwf!wwwwf!wwwwwf!wwwwwwwwf!wwwwwf!wwwwwf!wwwwf!wwwwwwf!wwwwf!wwwwwwwwf!wwwwwwf!wwwwwwf!wwwwwwwwwwwwf!wwwwwwwwwf!wwwwwwwwwwf!wwwwwwwwwwwf!wwwwwwwwwwwf!wwwwwwwwwwwwwwf!wwwwwwwwwf!wwwwwwwwwwwwwwf!wwwwwwwf
93,!!wwwwwf!wf!wwf!wwwwwf!wwwwwf!wwwwwf!wwwwwwf!wwwwwwwwwf!wwwwf!wwwwwwwwf!wwwwf!wwwwwwwf!wwwwwf!wwwwwwwf!wwwwwwwf!wwwwwwwwwwwwf!wwwwwwwwwwwwf!wwwwwwf!wwwwwwwwf!wwwwwwwwwf!wwwwwwwwwf!wwwwwwwwwf!wwwwwwwwf!wwwwwwwf!wwwwwwwwwwwf!wwwwwwwwwwwf!wwwwwwwwwwf!wwwwwwf!wwwwwwwwwwf!wwwwwwwwwf!wwwwwwwwwwf!wwwwwwf!wwwwwwwwwwwf!wwwwwwwwwwwf!wwwwwwwwwwwf
94,!!wwwwwf!wf!wwf!wwwwwf!wwwwwwf!wwf!wf!wwwwwwwwf!wwwwf!wwwwwwf!wwwwwwf!wwwwwwwwwf!wwwf
95,!!wwwwwf!wf!wwf!wwwwwf!wwwwwwf!wf!wwwwwwf!wwwwf!wwwwwwwwwf!wwwwwf!wwwwwf!wwwwwwwwwwwf!wwwwwwf!wwwwwwwwwwf
96,!!wwwwwf!wf!wwf!wwwwwf!wwwwwwf!wwf!wf!wwwwwwwwf!wwwwf!wwwwwwf!wwwwwwf!wwwwwwwwf!wwwwwwwwf!wwwwwwwwwwf!wwwwwwf!wwwwwwf!wwwwwwf!wwwwwwwwwwwf!wwwwwwwwf!wwwwwwwwwwwf
97,!!wwwwwf!wf!wwf!wwwwwf!wwwwwwf!wwf!wf!wwwwwwwwf!wwwwf!wwwwwwf!wwwwwwf!wwwwwwwwf!wwwwwwwwf!wwwwwwwwwwf!wwwwwwf!wwwwwwf!wwwwwwf!wwwwwwwwwwwf!wwwwwwwwf!wwwwwwwwwwf!wwwwwwwwwwwwwwf
98,!!wwwf!wwwwwwwwwwf!wwwwwwwf!wwwwwwwwwwwf!wwwwwwwf!wwwwwwwwwwwwf!wwwwwwf!wwwwwwwwwwwwf
99,!!wwwwwf!wf!wwf!wwwwwf!wwwwwwf!wwf!wwf!wwwf!wwwwf!wwwwf!wwwwwf!wwwwf!wwwf!wwwwwwwwf!wwwwf!wwwwwf!wwwwwwwwf!wwwwwf!wwwwwf!wwwwf!wwwwwwf!wwwwf!wwwwwwwwf!wwwwwwf!wwwwwwf!wwwwwwwwwwwwf!wwwwwwwwwf!wwwwwwwwwwf!wwwwwwwwwwwf!wwwwwwwwwwwf!wwwwwwwwwwwwwwf!wwwwwwwwwwf
100,!!wwwwwf!wf!wwf!wwwwwf!wwwwwwf!wwf!wwf!wwwf!wwwwf!wwwwf!wwwwwf!wwwwf!wwwf!wwwwwwwwf!wwwwf!wwwwwf!wwwwwwwwf!wwwwwf!wwwwwf!wwwwf!wwwwwwf!wwwwwf!wwwf!wwwwwf!wwf!wwwwwwwf
